[gd_scene load_steps=11 format=3 uid="uid://dmu6kttgjfcny"]

[ext_resource type="Texture2D" uid="uid://c4773mw1tmdn6" path="res://assets/sprites/objects/flower2.png" id="1_chfia"]
[ext_resource type="Texture2D" uid="uid://coj3744fqery6" path="res://assets/sprites/objects/beam.png" id="1_cyr4l"]
[ext_resource type="Script" uid="uid://dxppuixs1mt40" path="res://content/object/beambloom/flower/beam.gd" id="2_1oycf"]
[ext_resource type="Script" uid="uid://c8fi0aair2g7w" path="res://content/object/beambloom/flower/beambloom_pedal.gd" id="2_cyr4l"]
[ext_resource type="Texture2D" uid="uid://b5bq74iro1cjk" path="res://assets/sprites/objects/flower3.png" id="3_1oycf"]
[ext_resource type="Texture2D" uid="uid://c6a4gx5x1flau" path="res://assets/sprites/objects/flower.png" id="4_2v0n0"]
[ext_resource type="Shader" uid="uid://c134p1rnd5icp" path="res://content/object/beambloom/flower/beam.gdshader" id="7_2v0n0"]

[sub_resource type="CylinderMesh" id="CylinderMesh_7hkmy"]
top_radius = 5.312
bottom_radius = 1.726
height = 32.0
rings = 0
cap_bottom = false

[sub_resource type="ShaderMaterial" id="ShaderMaterial_v4ax7"]
render_priority = 0
shader = ExtResource("7_2v0n0")
shader_parameter/modulate = Color(1, 0.57, 0.78499997, 0.03137255)

[sub_resource type="CylinderShape3D" id="CylinderShape3D_1oycf"]
height = 0.5080414
radius = 1.5258789

[node name="FlowerGiant" type="Node3D"]

[node name="MeshInstance3D" type="MeshInstance3D" parent="."]
transform = Transform3D(1, 0, 0, 0, 1, 0, 0, 0, 1, 0, 16, 0)
visible = false
cast_shadow = 0
gi_mode = 0
mesh = SubResource("CylinderMesh_7hkmy")
surface_material_override/0 = SubResource("ShaderMaterial_v4ax7")
script = ExtResource("2_1oycf")

[node name="Beam" type="Sprite3D" parent="."]
offset = Vector2(0, 196.105)
modulate = Color(1, 0.57, 0.78499997, 0.08235294)
pixel_size = 0.1
texture_filter = 0
texture = ExtResource("1_cyr4l")
region_enabled = true
region_rect = Rect2(0, 0, 128, 384)
script = ExtResource("2_1oycf")

[node name="Pedal5" type="Node3D" parent="."]
transform = Transform3D(0.70710677, 0, 0.70710677, 0, 1, 0, -0.70710677, 0, 0.70710677, 0, 0, 0)

[node name="Sprite3D" type="Sprite3D" parent="Pedal5"]
transform = Transform3D(1, 0, 0, 0, 0.031410728, 0.99950653, 0, -0.99950653, 0.031410728, 0, 0, -0.448)
offset = Vector2(0, 16)
modulate = Color(0.7157119, 0.56545573, 1, 1)
pixel_size = 0.05
alpha_cut = 1
texture_filter = 0
texture = ExtResource("1_chfia")
script = ExtResource("2_cyr4l")
pulse_angle = -2.094

[node name="Pedal6" type="Node3D" parent="."]
transform = Transform3D(-0.7071068, 0, -0.7071067, 0, 1, 0, 0.7071067, 0, -0.7071068, 0, 0, 0)

[node name="Sprite3D" type="Sprite3D" parent="Pedal6"]
transform = Transform3D(1, 0, 0, 0, 0.031410728, 0.99950653, 0, -0.99950653, 0.031410728, 0, 0, -0.448)
offset = Vector2(0, 16)
modulate = Color(0.7157119, 0.56545573, 1, 1)
pixel_size = 0.05
alpha_cut = 1
texture_filter = 0
texture = ExtResource("1_chfia")
script = ExtResource("2_cyr4l")
pulse_angle = -2.094

[node name="Pedal7" type="Node3D" parent="."]
transform = Transform3D(0.7071067, 0, -0.7071068, 0, 1, 0, 0.7071068, 0, 0.7071067, 0, 0, 0)

[node name="Sprite3D" type="Sprite3D" parent="Pedal7"]
transform = Transform3D(1, 0, 0, 0, 0.031410728, 0.99950653, 0, -0.99950653, 0.031410728, 0, 0, -0.448)
offset = Vector2(0, 16)
modulate = Color(0.7157119, 0.56545573, 1, 1)
pixel_size = 0.05
alpha_cut = 1
texture_filter = 0
texture = ExtResource("1_chfia")
script = ExtResource("2_cyr4l")
pulse_angle = -2.094

[node name="Pedal8" type="Node3D" parent="."]
transform = Transform3D(-0.70710665, 0, 0.7071069, 0, 1, 0, -0.7071069, 0, -0.70710665, 0, 0, 0)

[node name="Sprite3D" type="Sprite3D" parent="Pedal8"]
transform = Transform3D(1, 0, 0, 0, 0.031410728, 0.99950653, 0, -0.99950653, 0.031410728, 0, 0, -0.448)
offset = Vector2(0, 16)
modulate = Color(0.7157119, 0.56545573, 1, 1)
pixel_size = 0.05
alpha_cut = 1
texture_filter = 0
texture = ExtResource("1_chfia")
script = ExtResource("2_cyr4l")
pulse_angle = -2.094

[node name="Sprite3D" type="Sprite3D" parent="."]
transform = Transform3D(1, 0, 0, 0, -4.371139e-08, 1, 0, -1, -4.371139e-08, 0, 0.29089475, 0)
pixel_size = 0.0925
alpha_cut = 1
texture_filter = 0
texture = ExtResource("3_1oycf")

[node name="Node3D" type="Node3D" parent="."]

[node name="Sprite3D" type="Sprite3D" parent="Node3D"]
transform = Transform3D(1, 0, 0, 0, 0.5764323, 0.81714493, 0, -0.81714493, 0.5764323, 0, 0, -0.848)
offset = Vector2(0, 16)
pixel_size = 0.05
alpha_cut = 1
texture_filter = 0
texture = ExtResource("4_2v0n0")
script = ExtResource("2_cyr4l")
pulse_angle = -1.256

[node name="Sprite3D2" type="Sprite3D" parent="Node3D"]
transform = Transform3D(-1, -7.143708e-08, 5.039331e-08, 0, 0.5764323, 0.81714493, -8.742278e-08, 0.81714493, -0.5764323, -7.413451e-08, 0, 0.848)
offset = Vector2(0, 16)
pixel_size = 0.05
alpha_cut = 1
texture_filter = 0
texture = ExtResource("4_2v0n0")
script = ExtResource("2_cyr4l")
pulse_angle = -1.256

[node name="Sprite3D3" type="Sprite3D" parent="Node3D"]
transform = Transform3D(-4.371139e-08, 0.81714493, -0.5764323, 0, 0.5764323, 0.81714493, 1, 3.571854e-08, -2.5196655e-08, 0.848, 0, 3.7067256e-08)
offset = Vector2(0, 16)
pixel_size = 0.05
alpha_cut = 1
texture_filter = 0
texture = ExtResource("4_2v0n0")
script = ExtResource("2_cyr4l")
pulse_angle = -1.256

[node name="Sprite3D4" type="Sprite3D" parent="Node3D"]
transform = Transform3D(1.3113416e-07, -0.81714493, 0.5764323, 0, 0.5764323, 0.81714493, -1, -1.07155614e-07, 7.558996e-08, -0.848, 0, -1.11201764e-07)
offset = Vector2(0, 16)
pixel_size = 0.05
alpha_cut = 1
texture_filter = 0
texture = ExtResource("4_2v0n0")
script = ExtResource("2_cyr4l")
pulse_angle = -1.256

[node name="Sprite3D5" type="Sprite3D" parent="Node3D"]
transform = Transform3D(0.70710677, -0.57780874, 0.40759918, 0, 0.5764323, 0.81714493, -0.70710677, -0.57780874, 0.40759918, -0.59962654, 0, -0.59962654)
offset = Vector2(0, 16)
pixel_size = 0.05
alpha_cut = 1
texture_filter = 0
texture = ExtResource("4_2v0n0")
script = ExtResource("2_cyr4l")
pulse_angle = -1.256

[node name="Sprite3D6" type="Sprite3D" parent="Node3D"]
transform = Transform3D(-0.7071069, 0.5778087, -0.40759906, -7.1054274e-15, 0.5764322, 0.81714493, 0.70710665, 0.5778088, -0.40759918, 0.5996265, 0, 0.5996266)
offset = Vector2(0, 16)
pixel_size = 0.05
alpha_cut = 1
texture_filter = 0
texture = ExtResource("4_2v0n0")
script = ExtResource("2_cyr4l")
pulse_angle = -1.256

[node name="Sprite3D7" type="Sprite3D" parent="Node3D"]
transform = Transform3D(0.7071067, 0.57780874, -0.40759915, 0, 0.5764322, 0.81714493, 0.7071068, -0.57780874, 0.4075991, 0.5996266, 0, -0.5996265)
offset = Vector2(0, 16)
pixel_size = 0.05
alpha_cut = 1
texture_filter = 0
texture = ExtResource("4_2v0n0")
script = ExtResource("2_cyr4l")
pulse_angle = -1.256

[node name="Sprite3D8" type="Sprite3D" parent="Node3D"]
transform = Transform3D(-0.7071067, -0.5778088, 0.40759915, -3.5527137e-15, 0.5764322, 0.81714493, -0.7071068, 0.5778087, -0.4075991, -0.5996266, 0, 0.5996265)
offset = Vector2(0, 16)
pixel_size = 0.05
alpha_cut = 1
texture_filter = 0
texture = ExtResource("4_2v0n0")
script = ExtResource("2_cyr4l")
pulse_angle = -1.256

[node name="Bouncer" type="Area3D" parent="."]
collision_layer = 256
collision_mask = 0

[node name="CollisionShape3D" type="CollisionShape3D" parent="Bouncer"]
transform = Transform3D(1, 0, 0, 0, 1, 0, 0, 0, 1, 0, 0.25408173, 0)
shape = SubResource("CylinderShape3D_1oycf")
debug_color = Color(0.77659446, 0.1176172, 0.99999994, 1)
